     9007.000000000000000
     8106.000000000000000
     8928.000000000000000
     9137.000000000000000
    10017.000000000000000
    10826.000000000000000
    11317.000000000000000
    10744.000000000000000
     9713.000000000000000
     9938.000000000000000
     9161.000000000000000
     8927.000000000000000
     7750.000000000000000
     6981.000000000000000
     8038.000000000000000
     8422.000000000000000
     8714.000000000000000
     9512.000000000000000
    10120.000000000000000
     9823.000000000000000
     8743.000000000000000
     9129.000000000000000
     8710.000000000000000
     8680.000000000000000
     8162.000000000000000
     7306.000000000000000
     8124.000000000000000
     7870.000000000000000
     9387.000000000000000
     9556.000000000000000
    10093.000000000000000
     9620.000000000000000
     8285.000000000000000
     8433.000000000000000
     8160.000000000000000
     8034.000000000000000
     7717.000000000000000
     7461.000000000000000
     7776.000000000000000
     7925.000000000000000
     8634.000000000000000
     8945.000000000000000
    10078.000000000000000
     9179.000000000000000
     8037.000000000000000
     8488.000000000000000
     7874.000000000000000
     8647.000000000000000
     7792.000000000000000
     6957.000000000000000
     7726.000000000000000
     8106.000000000000000
     8890.000000000000000
     9299.000000000000000
    10625.000000000000000
     9302.000000000000000
     8314.000000000000000
     8850.000000000000000
     8265.000000000000000
     8796.000000000000000
     7836.000000000000000
     6892.000000000000000
     7791.000000000000000
     8129.000000000000000
     9115.000000000000000
     9434.000000000000000
    10484.000000000000000
     9827.000000000000000
     9110.000000000000000
     9070.000000000000000
     8633.000000000000000
     9240.000000000000000
